1,38,768,1539,20,1297,1067,15,850,1338,33,535,1230,53,29,1405,
2,63,272,614,36,415,482,44,524,153,19,303,374,52,125,457,
2,46,751,257,14,199,653,27,235,583,40,205,571,62,508,116,
2,40,773,630,32,156,524,17,385,352,60,52,524,45,433,160,
2,43,541,403,32,581,292,38,110,586,57,437,380,51,403,224,
1,33,1615,597,62,1369,662,54,319,1415,45,653,1229,38,572,1061,
1,35,1628,586,52,716,1043,62,1264,87,44,1,1255,30,656,881,
1,32,1121,456,62,424,1108,44,434,1049,39,313,873,55,451,739,
1,34,1813,134,62,509,1321,40,1272,299,26,884,962,51,955,457,
1,41,1862,328,34,1672,236,21,53,1383,63,1287,48,53,633,743,
1,40,1518,1159,46,420,1487,23,1051,802,58,380,965,27,960,361,
2,40,489,463,35,617,86,24,76,566,29,456,276,45,390,298,
2,39,327,576,47,62,673,53,33,598,9,489,167,29,132,474,
2,21,490,423,37,465,360,26,539,158,60,137,516,30,241,379,
2,45,717,510,40,668,479,27,461,542,62,386,505,54,437,454,
1,42,1264,795,27,939,921,58,978,802,20,109,1305,51,513,1063,
2,59,368,758,42,74,696,20,386,509,29,284,550,49,502,349,
2,38,852,195,21,590,460,60,539,60,8,261,401,51,512,39,
2,49,298,634,24,565,371,42,550,271,36,445,354,62,49,574,
2,47,76,771,41,4,793,24,509,127,36,169,392,58,436,74,
1,34,1488,135,26,1279,238,41,578,1093,16,605,928,48,605,928,
1,31,515,1402,49,775,902,63,1189,162,17,1107,160,56,505,810,
1,15,1344,170,54,481,1188,59,180,1111,32,801,707,39,896,459,
1,50,1083,810,62,974,907,31,957,634,21,559,923,55,768,774,
1,40,649,1467,62,872,917,51,576,925,8,543,719,26,545,586,
1,41,667,1606,28,822,1015,46,1213,185,60,582,977,51,1006,241,
2,44,947,93,35,752,176,21,256,682,15,127,683,30,382,331,
1,63,1196,637,35,477,1152,54,1057,497,28,1191,189,23,207,1078,
1,36,1921,408,58,1180,499,17,1313,126,14,1229,224,31,583,996,
2,35,246,621,19,519,159,30,28,549,44,471,150,57,398,114,
2,31,623,364,40,624,356,19,501,329,58,528,232,52,410,365,
2,35,148,582,53,439,293,58,395,190,42,397,180,47,94,429,
2,59,399,1196,52,290,1180,23,302,570,34,570,262,14,331,509,
2,47,111,859,36,664,70,17,577,157,13,324,418,52,176,400,
2,46,884,245,35,285,602,54,635,210,40,475,182,25,412,198,
1,45,1452,1297,61,1135,387,40,309,1026,34,1018,300,24,1014,140,
2,21,643,390,26,625,426,60,252,668,35,673,216,41,483,304,
2,55,756,109,38,241,639,33,520,334,24,123,494,47,390,170,
2,47,510,427,63,404,446,37,417,413,54,263,379,14,60,415,
2,40,280,827,56,523,393,61,274,470,47,449,310,23,564,37,
1,44,1150,946,55,751,1150,61,77,1062,39,397,865,50,673,721,
1,53,728,1291,34,1493,318,40,1549,165,15,1222,810,45,842,1009,
1,36,1629,922,51,551,1368,14,375,1287,28,903,587,11,827,678,
1,40,996,1315,34,667,1438,19,938,751,59,577,1020,51,922,763,
1,47,2206,26,60,488,1159,40,33,1363,19,998,652,28,1130,151,
1,42,447,1299,18,875,1015,54,292,1179,62,1274,54,32,921,711,
1,42,498,1728,55,1126,1005,23,366,1065,12,480,944,62,997,240,
1,40,308,1405,20,1099,369,46,435,1063,61,800,866,35,1183,125,
1,36,231,1539,31,523,1350,20,1304,317,62,517,1105,43,672,818,
2,38,557,253,15,351,394,45,401,138,51,383,156,62,307,250,
2,39,554,347,19,507,106,54,221,442,14,450,171,45,4,489,
2,47,462,625,11,633,254,15,267,572,33,94,562,22,188,462,
2,47,217,692,31,377,583,26,586,127,42,133,519,52,493,83,
2,31,199,603,24,278,432,38,417,295,13,504,23,54,394,237,
2,45,542,345,50,557,185,63,29,605,6,483,82,27,448,96,
1,27,1045,1134,34,343,1358,61,1174,498,6,795,746,13,803,268,
1,26,1275,798,63,1375,596,58,1303,236,39,272,967,32,695,394,
1,60,1871,1065,39,157,1466,55,464,1065,27,958,484,44,380,993,
1,61,524,1797,27,543,1347,15,1141,860,52,485,1091,39,474,883,
1,41,1382,527,61,917,684,18,663,747,53,817,413,25,252,874,
1,49,2190,388,40,570,1076,27,992,670,31,897,553,60,801,528,
1,63,947,940,42,678,666,28,489,733,54,823,285,32,722,476,
1,11,1221,676,31,483,1219,39,901,721,24,483,969,52,750,541,
1,34,1027,1200,55,1244,628,42,492,888,12,883,459,6,279,964,
1,10,1309,791,21,1326,258,45,349,1111,36,301,1096,50,746,598,
1,40,360,1311,50,1337,16,56,942,698,34,820,768,63,442,784,
1,35,1285,1858,51,1625,843,57,1151,658,19,267,951,42,282,880,
1,46,1385,1236,32,847,616,16,322,891,22,547,698,59,165,877,
1,42,1372,864,17,1084,535,6,1294,55,62,652,951,47,904,731,
2,49,605,643,14,485,346,32,551,185,58,259,435,39,284,400,
2,51,667,644,43,166,876,28,404,624,57,635,96,38,263,549,
1,32,1077,1364,43,1252,462,23,119,1063,49,88,1064,56,440,700,
2,60,659,396,42,350,652,54,174,475,28,429,180,15,281,363,
2,43,589,469,36,713,47,60,579,246,31,144,476,11,23,393,
1,47,642,1130,37,57,1151,27,1079,3,55,618,751,12,907,98,
1,49,1268,216,23,922,847,39,583,927,15,369,798,61,851,262,
1,34,1281,1159,45,1286,91,17,929,531,63,230,798,57,504,590,
1,55,1270,737,10,1446,59,30,131,1368,50,1193,287,37,867,762,
2,27,664,148,39,572,227,60,348,338,10,51,448,32,20,452,
2,33,589,703,56,408,764,15,106,535,43,517,78,50,435,91,
1,50,1369,775,41,999,708,25,1088,499,30,657,984,56,9,1193,
1,34,241,1639,43,1160,942,61,969,743,29,441,1063,15,675,923,
1,18,288,1262,34,1058,671,39,484,1026,59,537,946,52,341,886,
1,45,160,1709,34,1112,929,61,1101,774,40,1032,21,18,404,740,
1,31,1407,452,44,1430,114,52,924,819,36,663,872,20,654,503,
1,36,1212,1070,43,1152,1000,56,578,1012,21,295,1139,28,879,757,
1,47,535,1777,42,1484,635,27,809,797,15,366,850,54,345,798,
1,45,432,1727,39,38,1388,51,218,1040,57,322,891,22,879,139,
2,57,559,342,51,557,327,32,560,104,23,46,486,9,260,239,
2,26,609,385,40,330,481,53,361,319,20,93,446,14,43,417,
1,35,1556,1075,55,590,1538,25,813,827,11,614,823,42,898,321,
1,56,1287,892,32,1127,205,41,173,1076,23,273,1011,12,239,904,
2,37,317,798,42,409,485,49,460,305,7,337,417,32,535,58,
2,34,668,102,7,555,255,47,185,538,14,105,555,10,509,54,
1,51,231,1464,39,227,1261,60,1015,55,6,171,855,34,525,636,
1,38,1279,1163,47,1350,620,62,982,27,53,266,721,21,364,661,
2,39,806,395,34,332,597,53,438,521,47,472,497,21,158,491,
1,40,2286,377,49,1207,766,56,900,1060,12,1138,431,33,166,1041,
1,33,278,1670,55,1046,813,27,1133,599,63,403,1117,38,865,836,
2,43,1060,164,8,698,76,61,473,480,28,45,613,50,296,485,
2,37,897,148,21,538,138,43,235,476,59,419,303,31,238,444,
1,35,1584,628,45,1411,75,5,126,961,25,932,133,19,28,931,
1,38,593,952,49,1059,306,56,758,717,26,361,848,63,546,741,
1,47,1141,181,33,907,637,26,398,1019,15,551,903,18,156,1092,
2,38,201,668,44,524,464,62,596,277,51,228,539,33,136,405,
2,60,615,468,45,277,671,33,106,647,13,306,534,26,394,294,
1,40,1312,1025,56,755,1005,50,589,973,30,20,1118,61,885,298,
1,54,1562,155,39,865,1005,32,996,206,20,307,857,10,798,204,
1,40,1459,1230,62,1336,765,28,1382,176,35,1098,652,51,905,858,
1,40,803,1281,62,685,1031,47,909,444,14,224,978,31,875,116,
1,35,617,1902,47,1264,395,42,1352,192,13,222,1178,56,1246,52,
2,36,718,312,42,565,367,61,321,382,17,476,45,50,369,241,
2,10,520,507,37,287,559,31,462,359,61,461,214,46,151,476,
2,40,88,786,58,373,521,46,225,473,13,275,392,21,390,190,
1,42,1413,1212,36,1467,862,52,1045,508,47,931,406,22,416,876,
2,45,833,291,40,268,612,58,654,94,35,468,108,52,502,35,
2,39,174,767,15,694,310,51,233,602,27,349,272,60,454,19,
1,32,2115,761,38,1348,1253,11,1013,892,45,491,1192,7,328,1066,
2,34,434,436,51,327,466,63,368,445,18,471,214,58,531,56,
2,47,660,647,37,741,122,62,382,174,14,117,389,53,263,245,
1,46,1429,477,59,1222,307,37,812,967,27,1022,611,17,1033,249,
1,60,642,1576,43,798,1266,49,1166,758,25,237,975,31,829,262,
1,37,1212,515,18,395,1183,32,568,947,56,207,1078,43,360,942,
1,51,1578,268,32,816,1004,63,953,259,39,1024,71,18,478,632,
1,55,1458,685,45,538,1445,36,847,1020,30,1133,573,15,248,1124,
1,44,1475,1044,59,1171,981,38,1303,436,10,1197,320,23,254,1195,
2,39,576,272,27,466,355,55,438,339,34,488,74,11,429,96,
2,42,503,569,58,361,551,9,296,561,26,379,509,32,466,251,
1,39,1668,330,18,1240,473,11,960,947,33,383,1136,59,1043,435,
1,33,1777,130,39,459,1353,13,544,1084,21,875,455,49,714,437,
1,33,1538,176,49,631,1082,19,118,1302,60,1080,478,15,919,714,
1,49,1187,1018,60,1105,794,42,162,1301,55,592,705,15,345,777,
1,57,829,1617,62,1036,1192,29,1554,132,40,359,1182,12,558,862,
2,54,652,299,38,607,339,47,16,752,14,431,208,32,307,376,
1,30,1517,723,57,731,1198,35,671,1203,41,610,1141,23,924,410,
1,39,62,1535,19,557,1056,59,1043,412,23,580,841,29,627,760,
1,37,203,1638,51,1157,132,31,475,971,23,955,422,13,947,396,
2,41,366,691,35,461,541,10,513,297,61,511,259,24,353,288,
2,47,100,601,60,543,206,40,44,553,32,111,423,54,347,191,
2,37,105,909,19,437,515,51,587,99,43,81,561,59,74,549,
1,53,909,1086,63,1267,389,27,375,1230,31,313,1143,58,820,862,
1,51,1260,1613,57,764,1332,46,1379,577,62,1080,713,13,486,914,
1,55,1464,576,41,1390,558,61,851,306,29,39,974,49,696,433,
1,43,518,1616,37,1132,361,15,397,1075,59,447,958,52,74,1039,
1,45,1430,416,14,496,1234,39,1020,701,57,1126,358,51,595,860,
1,52,1056,851,43,1074,577,57,789,838,29,422,753,38,518,689,
2,15,563,488,52,270,638,40,671,141,57,422,389,28,351,198,
2,39,756,587,55,564,440,32,580,282,45,687,38,60,70,628,
1,57,1183,751,50,839,938,31,991,595,36,326,1053,25,791,549,
1,44,1465,519,53,1331,661,38,407,982,61,1070,111,21,339,915,
1,40,1202,1266,57,1458,590,47,963,765,20,474,1001,25,74,1060,
2,43,716,58,35,667,74,62,190,417,51,245,266,9,284,112,
1,39,1944,982,44,1099,743,32,546,1050,63,762,316,6,300,745,
1,37,885,1363,50,708,1121,45,488,1192,10,1129,369,58,643,950,
1,35,1224,1009,61,1083,832,16,1163,573,48,1163,573,22,1206,314,
1,55,1599,135,34,166,1506,45,306,1294,40,1316,218,12,545,1099,
2,39,608,607,34,584,450,14,456,522,53,660,60,21,526,164,
2,22,573,374,32,43,694,37,681,5,62,409,468,18,32,559,
1,32,366,1545,40,510,1305,23,267,1342,59,1182,496,45,674,934,
1,15,1194,425,11,189,1102,47,697,818,38,588,866,19,169,996,
1,24,554,1217,14,502,1182,47,348,1154,34,1085,454,40,1093,434,
1,42,310,1884,59,905,1212,15,875,714,30,1053,124,25,1019,162,
1,59,453,1555,42,496,1527,24,292,1179,50,714,832,35,676,155,
2,38,446,583,62,290,448,28,475,225,32,509,123,18,529,79,
2,29,572,519,35,320,631,41,251,486,52,477,225,63,16,547,
1,53,683,1434,46,585,1389,34,1331,349,60,1111,289,40,924,586,
1,50,159,1788,62,826,864,31,1106,285,45,884,667,39,912,293,
1,39,969,1075,28,469,1215,50,43,1416,62,957,858,24,108,861,
1,62,1024,570,55,1047,408,32,975,520,27,967,339,10,153,1011,
2,40,451,440,49,158,512,58,138,468,22,341,320,33,238,372,
2,36,47,1224,51,513,302,43,20,471,12,87,414,59,38,411,
1,42,156,2013,23,1676,243,37,1776,1,47,1207,716,32,1106,477,
1,38,1482,821,62,1167,553,25,883,441,57,823,411,15,234,852,
2,21,495,440,40,78,668,45,476,348,58,572,129,52,534,194,
2,61,716,435,36,284,595,30,310,275,55,308,272,50,194,261,
2,14,526,146,45,329,425,22,439,210,27,129,469,8,348,222,
2,43,523,538,49,440,485,32,29,641,9,584,105,25,265,373,
1,35,1577,1144,44,1559,945,15,896,518,22,1134,5,54,862,529,
1,47,182,1505,35,1157,531,55,740,880,61,98,1080,40,990,195,
1,39,1523,583,47,1425,480,53,658,822,62,1089,92,28,756,730,
1,42,1275,1077,63,1480,221,27,291,1409,32,428,1040,17,971,556,
2,42,757,199,49,645,85,17,447,139,26,437,61,9,286,258,
2,32,693,416,40,449,570,27,615,35,51,497,62,58,171,407,
2,45,491,261,53,172,512,24,247,342,32,302,262,39,308,235,
2,52,145,748,45,592,250,60,383,446,36,291,404,31,443,67,
1,35,481,2111,61,507,1550,11,252,1320,50,1260,351,22,588,1127,
2,51,233,588,46,160,604,19,199,572,56,234,439,27,183,455,
1,39,1024,1185,26,219,1302,55,498,1069,50,430,1082,14,652,863,
2,33,821,69,60,589,148,43,377,464,20,206,381,52,172,341,
2,33,724,203,42,614,262,25,620,138,53,386,407,47,577,10,
1,44,521,1222,58,231,1131,33,701,867,23,185,1088,38,1018,25,
1,33,1333,755,39,1297,802,19,1401,304,50,804,638,63,190,785,
1,45,833,1461,63,46,1554,39,1018,734,18,730,991,15,657,1013,
1,27,400,1385,56,626,1216,42,1208,573,62,1339,157,32,521,999,
1,33,783,1365,38,728,847,59,183,1106,52,151,1109,6,977,348,
2,55,873,27,47,289,555,40,529,263,30,313,354,24,157,429,
2,20,449,337,39,482,166,44,436,223,32,472,129,51,413,215,
1,41,2078,155,29,1227,455,35,384,1199,25,1154,183,57,90,1151,
1,34,1609,625,44,751,1515,53,217,1065,27,839,371,13,594,526,
1,36,1815,1139,57,1252,246,63,419,1081,29,1217,12,49,936,453,
1,31,1202,1448,46,1110,893,36,1024,799,56,1285,164,51,1107,487,
1,61,558,1155,55,1313,132,40,1156,260,34,140,1148,28,1051,329,
1,47,1132,1426,40,1476,696,12,879,1041,31,1033,571,53,859,839,
1,38,1180,972,8,972,1144,32,308,1151,51,291,1024,15,1147,13,
1,58,167,1715,44,1236,588,38,370,1118,33,580,992,28,760,872,
1,39,904,1268,63,1207,409,58,169,1320,50,183,1117,29,787,618,
2,40,314,652,63,570,152,51,151,505,32,312,191,22,370,66,
2,3,1062,1022,47,873,174,37,170,825,20,548,311,1,16,683,
2,2,1219,1151,37,551,566,32,151,579,52,551,198,20,267,488,
2,38,734,91,22,154,696,63,605,303,33,503,240,52,547,33,
2,42,412,471,54,520,231,28,472,300,47,415,255,63,418,94,
2,53,792,187,63,627,71,28,563,184,41,496,225,17,69,561,
1,15,1184,763,35,1377,248,41,1009,970,4,835,483,30,706,716,
2,40,480,787,57,340,460,34,497,195,45,444,281,28,153,487,
2,62,643,322,53,1,731,27,261,543,45,284,481,39,163,479,
1,46,1239,778,59,1221,444,41,444,819,28,864,332,34,17,926,
1,41,1441,356,46,1234,322,23,516,966,16,406,1004,53,624,856,
2,2,443,674,40,561,463,49,316,420,20,528,24,63,468,95,
2,2,525,1130,51,699,676,5,715,564,32,586,550,44,415,622,
2,45,675,1507,51,1400,140,56,821,572,28,856,112,61,315,728,
8,52,773,167,46,381,422,32,223,435,16,265,30,39,240,61,
8,45,1184,548,39,1067,230,51,429,412,13,423,225,59,98,359,
4,47,3079,1309,41,1203,1584,32,1394,910,16,1041,645,27,935,732,
8,49,444,776,30,404,736,36,676,519,14,468,127,56,111,457,
8,42,629,483,29,796,55,37,452,580,47,151,707,24,296,378,
8,34,156,2278,47,1165,628,39,547,545,16,555,474,52,44,682,
16,45,1025,128,29,324,700,50,291,670,35,628,168,24,172,366,
16,46,597,543,28,625,41,16,14,337,33,261,94,53,158,213,
8,47,872,967,31,715,759,38,614,377,23,560,149,59,520,163,
4,49,547,1744,33,673,670,44,76,775,15,163,656,19,305,431,
16,4,121,376,12,373,75,15,322,109,9,132,252,21,104,182,
16,13,1637,510,9,1041,884,21,451,1041,3,536,508,51,505,214,
16,14,1118,1181,11,1396,95,19,375,488,26,118,505,3,380,213,
16,14,1567,2591,11,359,1310,17,903,697,27,232,724,21,734,204,
16,14,2072,451,11,1242,186,23,363,1016,59,750,445,19,366,762,
16,14,365,2979,25,1380,1085,10,625,1149,7,334,1091,3,815,339,
16,15,2063,103,7,700,1050,18,881,408,11,563,577,3,654,300,
16,15,412,995,11,772,79,22,267,457,26,441,270,4,118,515,
4,4,2582,1183,11,1227,565,22,1228,505,6,548,929,54,262,749,
4,4,3884,1343,26,1129,419,8,1172,265,22,280,711,52,528,458,
4,4,1042,3033,22,1007,924,7,701,810,26,657,447,1,666,330,
4,4,2534,2435,22,471,708,11,577,582,1,672,274,6,66,716,
4,4,2445,289,44,164,687,6,707,37,63,295,558,1,634,130,
4,3,270,2330,6,704,1012,11,80,723,1,497,228,8,226,477,
4,3,1812,178,6,487,276,27,248,427,49,380,229,1,455,66,
4,3,382,911,63,531,146,57,118,529,42,465,123,6,378,183,
2,60,10,963,54,413,704,42,739,234,49,727,115,4,332,515,
2,42,362,632,32,450,484,23,471,383,52,274,460,15,448,286,
1,37,974,1721,55,1153,959,61,886,846,32,1012,586,42,944,630,
1,39,2040,4325,54,3688,501,29,2944,1391,21,2564,1449,49,947,2499,
8,38,693,731,44,125,612,14,312,488,11,423,130,22,296,173,
8,30,680,449,45,181,800,36,468,613,26,260,391,15,150,396,
8,27,541,843,32,738,693,37,443,615,43,353,607,23,593,358,
4,47,177,1376,28,1100,414,16,79,1051,40,910,350,52,756,153,
4,47,169,1488,30,724,378,59,189,805,39,209,740,16,323,647,
4,36,693,96,49,441,462,62,513,298,56,412,275,31,361,341,
16,20,321,262,17,130,342,52,171,266,13,187,251,7,225,76,
16,14,116,600,6,432,235,3,425,205,22,389,233,37,37,396,
8,14,314,2254,17,1071,1082,11,468,910,20,123,1029,6,551,745,
8,12,255,1362,15,897,271,9,443,696,22,406,609,51,542,334,
8,11,1513,741,15,265,1654,20,1013,883,8,99,843,32,18,623,
8,14,1778,395,11,1060,735,32,538,626,3,609,319,61,361,563,
8,11,1182,1709,20,1338,654,14,973,752,6,647,304,8,528,479,
8,14,614,1007,11,660,827,20,386,632,7,152,445,62,46,442,
8,20,461,646,9,628,489,6,188,615,3,508,378,11,272,558,
8,9,359,913,6,692,418,3,293,563,11,227,596,20,516,373,
8,3,117,691,61,691,104,9,333,399,41,341,299,49,221,268,
8,58,212,601,53,184,541,63,435,364,3,132,519,45,292,402,
4,9,160,1250,3,859,878,41,429,959,11,343,962,59,606,799,
4,3,924,911,6,1198,187,58,1021,230,63,522,836,9,898,227,
4,3,862,564,62,652,748,12,744,505,47,773,386,1,643,102,
4,6,62,1338,3,949,241,45,695,486,50,395,671,58,607,82,
4,12,305,989,3,1039,201,6,684,646,38,656,186,51,578,119,
2,6,1265,1701,3,1717,284,58,661,1336,8,1081,578,12,312,1070,
2,6,1907,436,12,944,1209,3,1547,65,1,1039,105,38,829,276,
2,3,1538,512,9,433,895,7,343,892,1,844,194,5,411,727,
2,3,1841,332,5,1585,123,1,584,150,55,487,289,28,435,348,
2,3,2083,364,6,488,966,37,401,685,10,493,497,63,124,664,
2,5,1805,479,3,1708,147,7,957,298,43,509,648,9,418,622,
2,3,1633,140,1,900,68,11,421,660,5,408,547,8,277,572,
2,3,1508,700,6,1375,867,10,225,1034,43,228,1005,1,1048,82,
2,3,1351,1141,39,952,521,1,1031,222,57,710,434,9,280,762,
2,3,1270,1928,6,775,1635,11,513,676,15,528,481,39,531,229,
2,3,289,2492,6,823,422,47,736,225,15,747,52,39,588,299,
2,3,1133,2703,5,1661,109,45,318,1270,35,855,667,55,767,465,
2,3,2026,1810,5,1394,582,7,704,937,1,1145,84,62,291,891,
4,3,897,242,1,495,21,38,417,142,9,186,335,53,338,114,
4,3,742,1169,5,277,678,43,439,83,57,358,212,15,11,414,
2,3,406,2912,40,694,864,26,285,1030,51,435,756,8,754,354,
4,44,432,1116,38,709,504,49,697,428,3,665,453,61,636,75,
8,38,465,460,45,441,225,33,326,74,3,347,18,52,216,215,
8,38,716,839,32,76,907,43,265,547,27,181,444,54,418,155,
8,46,551,887,36,704,721,31,384,308,25,27,436,41,67,407,
8,44,467,995,38,863,91,53,353,463,33,479,186,23,365,365,
4,34,383,2235,45,2087,399,54,966,622,28,748,577,62,793,450,
8,42,87,840,30,460,19,26,163,334,53,306,213,35,266,252,
4,44,498,755,59,148,453,51,209,398,27,430,27,32,360,93,
4,43,465,330,57,563,120,2,532,160,8,1,410,38,281,188,
4,8,728,515,39,625,606,59,473,325,6,399,372,49,202,345,
4,10,498,55,47,401,232,60,357,242,5,67,354,7,8,376,
4,37,343,232,60,40,419,29,302,145,6,251,198,42,116,267,
4,37,811,124,3,667,63,5,244,519,60,121,564,12,446,151,
8,58,479,123,12,452,29,47,393,138,7,364,125,5,78,331,
8,10,573,333,59,185,606,51,529,26,12,384,263,39,150,327,
8,47,632,418,12,641,215,61,261,220,19,190,266,42,166,273,
8,12,675,83,9,515,305,59,481,311,36,281,356,44,205,357,
8,10,1029,410,50,413,839,63,724,337,55,125,729,12,481,264,
8,58,879,1003,10,1139,99,50,943,262,63,78,806,13,313,564,
8,10,934,114,59,672,239,53,119,636,5,476,101,47,78,473,
4,11,135,1631,39,1137,703,61,963,300,51,440,819,56,706,431,
4,52,1054,72,42,435,822,58,696,422,8,373,525,12,543,250,
4,52,1025,417,9,438,693,62,404,617,42,712,207,7,367,590,
4,39,696,452,10,603,425,52,146,656,7,678,40,5,634,53,
4,60,645,615,7,695,277,9,254,514,52,81,576,44,463,173,
2,63,197,998,45,724,217,9,581,464,33,418,596,15,512,81,
1,44,735,1647,61,1894,74,55,586,1448,23,826,1228,17,210,1097,
1,52,1500,390,22,1037,1043,58,736,1057,18,600,1123,32,1043,539,
1,37,564,1680,21,1201,596,59,97,1268,42,935,465,26,468,768,
1,54,1425,406,38,727,1191,24,494,1150,47,108,1010,33,305,899,
2,35,805,317,43,795,288,62,629,451,50,163,497,21,281,410,
2,44,601,378,22,283,506,60,515,259,39,558,52,34,137,494,
1,37,1747,1437,29,390,1398,22,377,1335,47,1027,839,52,937,432,
1,39,1497,599,27,1313,223,58,1150,531,49,1006,584,63,1040,440,
4,63,174,1089,42,518,171,32,270,441,57,25,528,50,444,88,
8,62,516,1109,41,407,354,56,390,120,35,142,367,46,359,154,
8,61,531,967,54,664,243,39,472,378,47,332,443,33,234,457,
4,57,1689,1736,51,977,1259,63,20,1285,25,281,822,44,22,943,
2,55,1958,929,43,266,1659,18,134,877,38,695,476,50,762,101,
4,39,304,464,55,209,486,45,332,249,5,205,233,50,115,266,
4,8,50,778,5,692,75,11,541,227,3,171,535,45,180,483,
8,9,713,383,49,302,271,6,16,389,56,136,311,14,268,192,
8,8,175,320,37,234,211,3,220,207,52,23,307,11,262,28,
4,11,956,545,8,178,1124,39,596,627,52,447,677,3,271,663,
8,56,18,605,3,330,229,47,202,335,8,79,362,16,139,285,
8,58,60,665,46,194,402,11,147,405,3,368,163,63,375,97,
4,3,123,891,59,609,406,36,405,485,52,387,448,14,421,257,
4,3,589,916,55,921,420,47,332,791,63,368,655,36,552,160,
8,55,212,369,46,393,70,36,110,337,11,310,120,60,346,16,
8,39,62,737,51,763,8,32,509,510,45,679,36,58,234,453,
8,45,1548,134,51,1164,488,58,745,350,34,348,556,27,194,464,
8,45,641,1011,52,1062,535,39,1249,37,34,745,109,29,15,776,
16,47,712,1426,16,185,518,61,274,409,26,226,364,52,220,322,
16,45,1347,908,30,721,263,56,398,592,36,582,416,16,262,594,
16,47,3528,511,42,235,1084,55,873,265,61,335,549,17,552,224,
16,44,451,3557,4,181,1527,2,813,1049,7,902,269,9,53,956,
16,43,2891,797,34,392,1185,50,343,515,15,265,395,63,437,63,
8,45,708,1369,27,590,1132,34,300,1167,23,418,866,39,863,349,
8,31,451,983,38,389,758,43,613,207,59,438,249,24,71,449,
2,35,1273,337,50,1343,21,21,1046,131,30,709,678,14,966,29,
1,53,1033,1103,38,560,1204,23,1242,78,45,1057,303,15,659,866,
1,37,1324,962,51,649,1178,46,692,1099,63,596,842,24,937,379,
1,42,1467,819,47,1275,265,59,1250,136,53,251,1037,36,202,774,
2,47,614,267,28,574,175,42,323,455,18,339,360,59,457,63,
2,42,768,593,62,268,859,33,437,731,18,745,319,47,566,514,
8,50,426,252,61,392,208,41,131,367,10,210,136,55,192,142,
8,59,456,806,47,543,588,41,512,506,34,183,485,16,70,450,
2,59,837,1099,34,599,1110,39,149,835,47,191,803,19,455,148,
1,5,821,1338,40,315,1399,9,1358,360,34,1025,802,55,1298,84,
1,39,1341,651,5,957,1037,58,1032,847,49,827,863,21,324,1102,
1,38,564,1145,47,463,1090,19,147,1076,26,484,710,9,257,782,
1,39,996,692,44,1072,413,55,698,705,61,304,901,5,908,173,
2,54,481,866,39,217,707,20,391,327,34,102,461,44,222,391,
2,37,574,272,51,566,217,58,193,443,43,367,311,13,259,358,
1,23,443,1504,47,1281,775,38,1008,946,33,503,744,63,835,280,
1,33,913,1119,51,34,1505,38,1315,334,44,1031,619,23,986,668,
1,39,1372,708,45,1176,725,52,1305,125,32,1033,614,22,109,1186,
2,47,937,648,16,671,65,9,399,456,39,411,426,21,566,115,
2,47,1027,111,34,727,624,57,120,735,14,608,207,21,441,302,
2,3,25,974,46,39,873,6,83,671,60,546,239,34,441,372,
2,4,529,755,40,342,637,18,500,391,10,22,560,59,80,509,
1,40,899,1222,4,303,1311,47,927,630,58,794,590,8,763,604,
2,4,47,1244,39,447,716,18,547,139,56,538,90,51,122,406,
2,5,1197,54,3,604,844,35,471,511,8,385,526,53,567,298,
2,3,1325,108,5,1254,47,56,813,644,26,598,646,41,243,573,
2,3,844,1214,5,654,558,52,510,658,25,310,649,20,206,686,
2,40,617,165,50,59,633,2,557,86,18,145,497,12,74,507,
2,5,439,1107,3,396,866,19,419,527,7,574,271,22,571,207,
2,44,1241,197,32,701,905,3,882,711,5,146,1132,7,16,990,
4,8,869,506,33,604,372,46,662,191,3,55,633,10,53,518,
4,8,728,335,5,710,291,3,659,262,13,467,383,37,401,302,
8,3,77,602,8,550,63,49,434,209,44,273,387,5,110,436,
8,8,755,125,43,530,102,51,402,327,6,373,84,3,105,355,
4,8,1121,633,3,1115,506,5,868,883,51,955,688,56,698,891,
4,8,1107,1616,3,1025,1572,53,694,1104,5,381,1218,46,921,584,
8,8,484,506,6,623,198,55,277,543,2,238,530,39,162,295,
8,8,128,938,3,723,204,5,33,630,61,433,156,53,303,316,
8,8,833,963,5,625,515,3,605,518,44,401,446,11,64,474,
8,8,1011,437,3,269,695,6,476,545,45,550,142,21,521,61,
4,8,2107,233,5,1004,1698,3,1707,310,61,535,1052,13,574,618,
4,8,2309,1014,3,1490,1259,5,1556,174,13,1139,182,42,602,720,
8,8,796,424,11,434,603,5,220,676,2,121,602,59,58,384,
4,5,1555,1477,3,1524,734,8,1497,597,11,826,1117,21,1102,91,
8,8,688,421,11,709,133,3,672,157,5,681,36,14,426,54,
8,10,38,514,2,24,495,8,394,225,5,319,283,43,8,410,
4,3,1072,484,5,878,831,13,734,604,8,843,63,21,257,506,
4,3,985,785,8,1014,317,13,661,510,5,844,43,10,350,613,
4,8,1056,313,3,188,1043,40,2,911,23,582,586,11,387,659,
4,5,719,883,8,1085,297,13,473,961,3,933,100,10,723,145,
4,3,1023,979,8,1199,611,13,831,820,5,824,258,10,332,696,
4,8,1260,657,3,347,1248,6,711,807,10,815,357,22,751,418,
4,8,1289,504,5,511,941,3,1117,113,11,799,577,50,414,214,
8,8,697,402,3,511,373,11,200,473,5,348,218,45,130,385,
8,8,698,251,3,111,513,11,162,422,5,253,292,36,2,416,
4,5,744,1127,8,1341,278,61,824,1028,3,1219,163,13,457,669,
4,8,1141,971,3,1005,1001,5,976,513,45,308,739,61,280,736,
4,45,917,1003,8,219,1313,10,763,810,3,224,1049,63,562,318,
4,3,1153,299,8,695,735,63,475,749,47,386,686,38,612,314,
4,3,297,945,44,219,867,5,510,705,8,845,201,36,419,124,
4,8,366,895,3,553,344,44,68,664,49,479,270,62,68,563,
4,47,153,700,3,398,557,62,155,591,8,191,405,10,131,371,
2,3,707,1577,8,593,890,44,284,1040,62,561,661,52,759,109,
2,8,182,1046,5,966,253,57,815,536,3,1024,71,46,110,821,
2,3,557,1030,40,194,998,49,842,361,55,909,184,61,843,130,
2,54,201,1096,5,716,438,10,425,711,22,123,824,3,323,673,
2,51,1298,268,59,896,597,3,920,36,45,608,394,8,52,730,
2,63,1064,1204,3,244,1320,58,222,966,42,206,917,37,645,542,
2,3,784,791,56,568,420,40,90,639,15,579,18,61,439,206,
2,60,499,1097,42,950,385,55,299,781,49,329,712,2,287,571,
2,46,484,587,61,608,263,35,676,124,54,112,618,10,474,211,
2,46,244,927,55,532,690,18,663,230,35,631,158,63,375,482,
2,57,130,1182,52,827,99,43,202,551,14,466,370,5,199,518,
2,45,766,517,58,808,254,15,88,774,51,748,62,32,683,79,
1,50,1715,253,42,574,1550,33,160,1593,3,624,1282,15,265,1089,
2,46,152,714,34,538,373,41,69,688,54,397,424,14,553,39,
1,47,2061,1100,42,907,1707,62,170,1786,27,1624,181,56,265,1385,
2,42,323,861,61,432,359,22,426,243,47,335,365,16,134,440,
2,42,627,676,53,593,489,30,464,429,63,463,424,34,437,172,
1,60,581,1406,24,1181,681,35,194,1379,30,603,814,50,855,500,
1,36,96,1837,41,577,1343,54,557,1114,11,594,1064,62,1092,494,
2,50,376,574,34,410,504,40,171,601,22,386,430,55,492,87,
2,40,170,1017,54,886,42,47,47,668,16,251,535,10,418,401,
2,40,254,528,50,290,442,30,499,142,26,523,44,15,229,400,
1,19,623,1368,41,45,1629,34,712,1034,47,534,776,27,199,912,
1,39,583,1784,47,1127,1237,53,1085,281,21,399,963,34,309,984,
1,53,1422,656,41,1256,947,46,744,1203,22,773,1183,30,619,1121,
1,63,1592,719,43,1249,282,56,1113,372,33,643,976,17,210,1140,
1,32,1182,1760,59,1144,1035,53,471,1127,17,488,1036,38,839,626,
1,36,2659,3682,20,3039,1367,30,3278,725,44,621,2954,23,2465,1391,
8,53,178,277,38,303,93,15,317,38,11,120,267,43,124,201,
4,11,452,610,58,701,152,15,519,242,37,288,465,19,151,468,
8,11,251,347,42,347,196,15,115,379,7,147,274,56,185,150,
16,14,32,676,11,102,628,43,91,629,32,201,297,61,65,316,
16,11,395,576,42,270,529,8,420,55,6,209,332,32,254,305,
16,12,209,703,45,490,187,7,191,287,21,298,153,36,192,274,
8,12,1282,1373,17,36,669,41,3,625,5,622,5,7,130,559,
8,12,697,1410,45,331,946,5,564,338,9,458,471,19,564,189,
8,12,68,963,43,212,672,19,479,85,2,405,173,7,386,197,
8,14,376,595,2,197,528,34,284,171,18,229,249,11,289,63,
4,40,300,1000,47,715,158,35,374,606,21,329,411,62,439,147,
4,42,1118,545,37,711,395,23,497,462,30,524,44,63,474,133,
4,44,1479,400,39,1041,849,25,245,782,21,673,170,50,325,439,
8,40,856,498,31,847,126,46,761,212,19,612,123,23,348,391,
8,41,387,1393,29,650,529,51,410,579,15,380,193,46,462,7,
8,43,1012,426,32,613,771,51,514,417,38,549,122,23,428,352,
8,40,914,209,33,401,788,55,449,408,50,320,447,45,188,359,
4,32,1739,641,44,665,729,27,339,610,18,82,546,37,23,502,
2,2,1395,1467,40,725,1301,5,1081,1043,32,33,870,15,178,769,
2,3,2102,1752,5,758,2078,7,85,1556,43,1265,604,22,973,215,
2,2,962,1943,7,359,2065,5,684,1796,12,982,409,38,178,850,
2,5,958,1950,2,913,1723,15,1065,209,61,14,1053,42,350,850,
2,5,657,1597,2,1217,1000,63,1104,494,14,644,448,7,334,698,
4,2,194,691,5,658,94,63,153,563,52,293,303,29,292,269,
4,63,218,739,3,470,268,5,586,1,45,360,270,39,333,274,
2,3,794,1224,5,511,1055,15,887,166,44,686,307,59,629,331,
2,3,562,603,44,855,57,11,444,619,5,88,734,7,279,566,
2,4,1009,734,7,369,639,46,522,331,2,143,548,33,261,475,
1,20,1260,30,43,767,844,15,720,838,50,1010,368,37,786,739,
1,59,1198,515,42,108,1349,47,1303,170,37,1225,310,5,88,1165,
1,35,555,1972,46,355,1454,21,214,1341,41,1253,329,57,946,561,
1,42,1154,1690,33,1489,793,21,161,1749,62,970,1002,50,897,665,
2,34,515,809,40,711,640,18,407,491,55,549,158,48,389,187,
2,40,243,862,54,529,502,59,102,604,33,353,451,47,469,310,
2,59,509,700,43,692,512,25,587,216,37,654,7,53,445,120,
2,36,665,557,46,854,89,57,175,570,41,451,112,28,331,220,
2,33,443,741,62,112,631,56,551,142,43,537,143,14,368,385,
2,31,737,183,42,230,602,14,171,500,47,283,393,59,229,356,
1,51,87,1154,31,835,691,17,679,778,45,311,943,13,401,835,
1,41,583,2073,20,884,978,33,1152,404,61,581,706,27,514,727,
1,42,1453,1055,58,1551,260,34,668,671,9,785,295,21,657,377,
2,41,270,689,33,114,562,55,531,93,15,420,210,19,197,215,
2,39,438,862,54,278,495,15,446,194,33,142,463,63,375,280,
2,40,1280,443,58,180,606,53,437,375,35,236,398,26,376,206,
2,39,951,88,47,869,73,58,228,607,26,144,497,32,211,423,
2,50,107,701,35,316,571,55,100,556,21,532,113,30,528,6,
2,40,568,881,49,227,701,15,548,335,7,437,416,56,341,406,
2,36,888,325,54,846,118,41,380,527,10,523,288,26,448,424,
2,46,677,692,34,673,170,40,466,339,51,344,394,27,383,220,
2,39,211,1001,46,796,188,16,236,491,56,534,30,24,280,406,
2,32,938,241,17,740,273,46,531,510,37,14,649,59,295,500,
1,40,10,1745,31,180,1384,7,945,674,47,1096,355,60,1108,242,
1,55,1450,823,41,795,1226,27,151,1056,21,745,691,7,774,466,
2,40,620,412,30,523,531,47,171,696,34,513,288,62,37,625,
2,62,670,185,37,596,258,50,594,37,14,244,330,27,26,405,
2,30,558,173,34,468,317,15,246,455,40,519,94,61,219,403,
1,38,1100,987,46,1009,963,28,1344,111,32,580,913,60,1040,25,
1,39,374,1679,33,417,1607,50,191,1313,44,1154,500,60,1129,366,
1,35,782,1403,42,1564,308,57,170,1050,62,316,925,51,938,267,
1,45,1492,335,40,206,1506,58,1174,422,53,1201,190,34,996,196,
1,39,29,2059,31,685,1518,24,969,880,59,952,712,50,1120,109,
1,33,2082,5,63,1282,698,46,223,1482,22,892,658,38,1171,68,
2,56,204,412,13,148,437,42,144,413,37,156,325,17,14,348,
2,32,217,576,53,533,9,18,6,520,15,66,446,62,349,125,
1,59,1378,390,15,146,1482,52,829,976,12,884,901,46,1135,193,
1,52,309,1077,44,1057,31,34,108,1006,11,438,789,21,804,168,
2,32,506,510,53,465,201,18,216,413,25,388,232,43,482,19,
2,32,748,122,43,594,354,56,397,289,50,7,461,62,309,225,
2,40,720,453,59,654,37,50,357,493,45,468,261,29,124,411,
1,49,546,1243,37,1076,710,57,1192,326,63,145,1283,23,974,649,
1,39,665,1570,49,1659,256,57,1378,135,34,604,894,24,62,1034,
1,47,2075,310,39,1414,768,58,1430,409,32,1308,367,63,487,856,
1,13,1119,385,42,838,891,28,997,223,21,1064,71,59,205,923,
1,40,1148,865,58,1009,355,27,801,545,18,732,639,23,383,836,
1,36,620,1686,55,847,849,62,450,887,43,827,564,16,254,891,
1,40,1165,1419,11,180,1408,60,257,1141,30,1031,315,49,890,385,
1,51,1436,1322,40,0,1802,62,1221,463,30,1243,343,19,1242,228,
2,54,120,631,29,360,425,45,415,262,23,135,476,2,377,250,
2,4,1393,1949,2,498,1052,9,34,732,54,90,695,30,393,408,
4,4,193,1913,2,450,466,37,174,402,7,150,396,46,321,278,
8,12,134,648,15,454,329,19,328,200,7,214,303,9,254,281,
8,17,917,632,21,817,41,26,238,653,48,544,420,5,320,586,
8,23,930,645,19,657,889,13,326,638,29,174,506,3,79,495,
8,18,1597,451,25,377,1065,21,1004,484,30,642,516,15,543,136,
8,21,397,2158,26,668,1185,59,49,684,7,378,398,52,51,546,
8,20,1916,49,25,447,890,44,585,212,29,519,282,15,321,476,
8,18,910,572,26,508,673,46,637,181,15,431,395,21,289,386,
8,27,596,1103,22,843,119,33,464,442,38,411,429,49,473,81,
8,28,485,880,33,83,747,47,555,401,10,508,491,24,471,468,
8,15,166,555,18,300,483,26,547,11,47,252,415,57,279,400,
8,23,575,476,19,684,183,15,33,630,31,446,386,58,364,73,
4,32,910,1827,21,1527,908,15,168,1658,39,218,924,3,337,767,
4,19,1369,1555,33,972,353,43,797,12,7,682,119,22,266,582,
4,20,1061,529,35,976,673,17,1143,247,12,360,651,47,115,634,
2,35,743,1534,41,1202,21,49,561,585,21,239,677,12,64,710,
2,40,570,17,20,245,418,46,3,525,63,422,123,26,356,248,
1,40,1261,602,47,1474,5,34,1435,8,12,1027,264,20,168,1039,
1,46,1452,1106,41,1242,957,34,1273,51,60,560,844,25,634,616,
4,32,669,150,22,673,60,47,538,155,38,198,451,2,448,69,
4,13,1166,992,47,722,1249,34,980,745,23,980,416,27,473,848,
4,34,94,1557,28,1182,717,41,939,801,58,453,817,15,701,526,
4,49,1287,1537,38,875,996,60,713,772,27,861,531,43,786,538,
4,50,81,1158,21,538,642,31,312,742,43,690,166,59,727,43,
4,46,686,544,51,499,398,58,462,441,40,254,428,16,417,240,
2,47,26,1265,28,321,953,14,225,848,21,218,846,38,518,579,
2,33,1957,398,11,149,1582,5,804,1173,50,1329,49,15,1228,124,
4,34,691,227,12,648,184,40,97,602,58,293,398,53,156,461,
4,12,645,336,58,244,569,36,501,163,17,355,238,44,380,189,
4,12,1069,48,44,363,136,58,52,370,51,339,105,36,344,45,
4,11,536,591,32,200,606,59,460,237,23,268,329,14,11,400,
4,11,80,778,14,58,519,4,91,381,42,308,189,55,54,306,
4,12,223,590,8,251,290,29,272,209,16,125,294,48,125,294,
2,12,280,1626,17,805,761,40,893,240,47,934,21,55,396,575,
2,13,78,1254,45,881,115,59,140,734,38,471,566,21,366,584,
2,15,322,1366,38,957,251,58,733,614,48,278,652,25,674,55,
2,59,691,819,34,684,562,27,877,125,15,790,106,39,544,490,
2,59,707,1045,17,790,684,14,388,779,30,294,785,46,180,699,
2,32,248,979,61,594,633,21,796,257,17,609,607,38,432,652,
2,39,183,923,30,627,487,17,256,709,59,282,650,48,14,720,
2,35,653,840,17,739,309,59,726,187,25,377,607,48,445,351,
2,62,442,548,47,262,618,40,169,558,21,191,514,35,106,515,
2,46,674,299,40,230,681,19,525,453,59,15,562,33,148,467,
1,32,1328,885,62,1256,360,43,254,1102,57,44,1183,19,1091,131,
1,38,516,1864,56,1468,297,11,1254,555,1,855,409,47,14,1049,
1,45,1291,1688,33,391,1527,26,166,1351,50,646,975,59,829,552,
2,39,828,602,18,590,224,58,646,9,15,31,585,46,440,292,
2,31,590,474,37,572,396,50,636,50,14,455,107,11,94,452,
1,15,1100,324,35,962,573,56,1011,413,45,570,870,6,235,968,
1,61,31,1540,35,870,974,30,886,769,45,938,632,50,944,103,
1,63,740,1226,58,1314,167,35,1206,160,43,1106,358,27,866,725,
2,35,572,617,61,257,580,50,221,477,16,68,539,11,433,201,
2,55,720,152,47,386,567,42,224,640,26,450,404,31,141,456,
1,61,1436,757,34,840,1328,44,1365,329,25,1063,195,6,283,974,
1,44,690,1576,34,1677,249,54,1132,401,27,1058,308,15,646,742,
1,43,1744,675,53,1513,318,21,693,1168,15,463,1076,37,350,1036,
1,63,1377,724,53,1433,333,20,364,1320,27,918,689,40,939,353,
2,38,637,122,55,403,488,10,290,515,33,544,135,63,126,480,
1,34,1364,1386,40,334,1297,57,581,991,15,1255,50,26,1101,345,
1,34,1447,237,59,1308,283,42,154,1233,29,1055,340,49,391,582,
1,42,1792,246,13,1057,520,34,894,724,55,933,226,47,255,860,
1,63,1161,425,19,936,667,14,601,876,43,839,564,23,854,472,
1,42,1400,1297,47,761,1309,62,771,1238,53,275,1143,22,450,1026,
1,34,1175,303,55,784,746,44,958,396,16,809,484,29,880,337,
1,23,1302,1353,39,1724,299,54,321,1544,30,1173,899,46,1084,64,
2,2,880,1,29,622,443,39,607,283,47,340,453,17,279,440,
2,2,1608,367,54,691,595,40,657,537,26,199,560,6,295,501,
2,1,273,742,58,295,663,40,571,308,63,611,161,52,250,449,
1,47,1394,1295,33,1291,827,26,792,750,21,677,752,58,790,576,
1,30,1108,949,39,1171,539,61,1136,260,44,593,792,10,354,874,
1,40,1867,563,49,1422,1391,62,1343,503,34,251,1290,2,436,1141,
1,44,685,1263,50,702,956,35,898,422,16,54,1030,13,81,837,
1,46,915,1155,16,370,1005,38,637,808,54,831,355,10,764,440,
1,63,427,1059,54,202,1101,5,833,418,46,387,837,20,299,846,
2,2,132,680,51,475,158,25,243,386,59,74,460,10,457,76,
2,34,404,404,54,108,504,29,510,85,41,390,276,46,318,362,
1,60,1661,625,50,1310,533,34,283,1046,9,878,112,29,671,513,
1,60,1698,395,42,1066,810,36,503,1042,22,405,904,47,85,1015,
1,35,1393,1010,13,1580,70,58,1076,763,42,233,1138,49,1019,450,
2,40,455,556,32,722,112,47,253,542,60,589,159,24,574,116,
2,43,622,701,55,44,773,28,186,584,38,553,175,33,175,519,
1,36,1836,399,43,1348,1277,55,1522,868,49,364,1715,61,1406,216,
1,29,1589,1042,55,1531,213,12,415,906,15,448,799,36,838,308,
2,13,534,308,33,622,127,27,656,23,21,262,451,55,274,394,
2,41,193,698,47,366,488,28,203,474,33,539,20,56,281,407,
1,58,1133,1454,51,1076,714,38,946,918,32,166,1163,45,868,612,
1,62,1693,471,46,825,1062,33,726,1026,39,127,1305,51,1174,231,
1,38,1292,839,33,1034,893,45,21,1085,58,853,354,63,930,154,
1,34,1508,976,40,214,1217,54,609,988,62,675,834,45,475,715,
1,58,339,1480,50,1340,507,37,1229,556,24,715,837,19,680,747,
1,40,1475,926,63,32,1702,50,1428,147,35,1117,298,14,438,956,
1,51,1195,1137,26,1528,258,39,1344,506,22,874,974,14,1020,689,
1,44,1185,540,38,1114,27,53,883,425,27,492,812,15,854,276,
1,55,568,1325,42,1446,271,17,1326,402,48,1105,588,32,311,917,
2,33,359,592,53,187,532,45,551,82,60,334,423,39,84,451,
2,33,618,393,58,383,518,12,100,644,50,472,330,43,366,412,
1,33,1491,1385,43,533,1160,25,318,960,38,132,978,12,934,139,
1,33,1833,47,45,1161,698,7,602,1147,53,485,1076,40,649,684,
1,42,452,1216,63,1009,553,52,1000,489,30,960,446,35,714,776,
1,43,725,1509,51,1002,337,33,259,1039,20,1045,207,26,824,628,
1,47,387,1982,26,629,1115,35,1224,293,41,458,1113,22,751,885,
2,35,592,341,27,664,70,21,590,171,46,490,368,14,497,271,
2,36,464,639,50,723,157,45,550,168,63,434,308,17,551,73,
1,35,1465,98,51,883,771,41,1048,274,14,819,501,56,535,772,
1,27,914,367,32,802,555,10,278,874,52,476,702,19,79,893,
1,20,899,1288,27,1247,280,42,68,1342,62,70,1038,35,1046,10,
2,45,424,448,20,205,397,34,164,416,24,364,145,55,107,375,
2,60,695,253,35,480,120,54,528,18,44,104,479,22,386,56,
1,39,587,1796,23,117,1403,63,120,1202,58,895,320,30,737,304,
1,60,620,1063,29,1174,41,42,479,857,20,297,930,49,705,402,
1,62,815,1782,47,1349,533,32,1204,358,39,1024,583,18,1016,142,
1,15,921,1527,58,1679,560,34,1149,704,63,1210,419,52,606,968,
1,57,1241,941,40,641,1287,52,238,1363,24,458,757,45,418,758,
2,39,372,843,57,618,254,28,447,167,22,378,262,47,132,423,
2,41,716,506,58,539,408,47,515,384,36,207,468,16,422,140,
1,63,810,1403,49,1344,662,56,453,1219,36,387,1199,15,272,1142,
1,34,1403,1415,29,365,1011,8,293,983,44,58,1057,51,198,984,
2,39,724,287,62,355,397,26,373,350,56,61,497,19,313,212,
1,45,1626,581,40,1558,631,62,1123,1074,15,1049,354,24,943,390,
1,47,535,1483,15,1203,981,34,632,1377,40,1363,654,58,602,968,
1,46,477,1230,58,651,1041,14,1078,463,35,1104,352,28,1209,83,
1,39,1395,1920,47,1318,411,14,888,762,34,191,1062,27,693,754,
1,24,313,1146,43,807,686,53,909,445,13,173,1006,61,531,775,
1,45,1045,1376,30,389,1132,40,1159,261,15,773,878,34,913,594,
1,47,1238,1730,59,78,1329,23,651,1016,42,588,1041,37,109,1116,
1,56,595,1533,45,1028,1070,37,380,1332,31,977,846,63,1111,418,
2,47,771,256,42,342,487,61,540,152,30,374,427,37,65,572,
2,47,690,361,39,535,303,26,570,225,31,316,441,10,271,365,
1,58,1355,1093,44,249,1506,34,1324,339,20,1283,116,28,878,862,
2,40,33,756,29,65,694,16,516,326,48,516,326,35,435,329,
2,29,604,369,35,463,464,19,475,28,41,458,23,15,418,66,
2,34,687,520,27,208,708,46,200,668,58,515,415,19,516,188,
2,45,315,624,18,221,555,40,472,382,33,397,439,26,506,215,
1,53,1202,1153,40,1124,1007,46,565,1168,25,749,902,15,680,884,
1,32,408,1657,54,1244,894,39,729,1144,49,814,1036,21,910,856,
1,31,1184,138,40,717,869,13,806,706,54,275,842,19,129,889,
1,41,1272,826,56,188,1498,34,1031,583,23,592,667,17,753,339,
2,30,472,220,62,106,528,55,434,98,39,449,60,21,319,298,
2,43,247,667,35,439,236,56,315,301,15,353,67,5,130,317,
2,43,747,459,33,650,323,38,550,452,15,203,353,56,111,399,
2,34,610,693,43,879,31,58,411,387,20,360,272,11,298,308,
1,38,676,1746,50,1352,570,31,600,918,58,330,1039,45,715,576,
1,39,202,1600,63,334,1071,31,1042,243,57,753,761,20,723,643,
1,43,586,1512,26,1184,974,18,1168,120,52,929,586,32,700,794,
2,46,373,320,31,115,372,53,359,90,26,90,358,38,332,143,
2,51,540,429,56,485,508,40,380,536,25,621,200,35,452,132,
1,57,895,1248,62,974,1016,40,531,1197,23,811,949,52,155,1238,
1,50,1336,717,20,151,1526,23,1430,189,55,1226,463,40,575,1157,
2,46,616,279,26,450,250,38,362,318,60,515,8,55,114,406,
2,46,341,663,40,240,680,60,518,241,34,485,228,55,182,484,
1,59,1519,952,32,926,1338,43,1158,975,18,821,820,52,1093,46,
1,43,1444,877,36,194,1753,51,993,453,56,1025,287,22,830,634,
1,44,2294,104,23,893,1342,51,1262,212,32,474,936,56,266,986,
1,30,1734,767,43,1097,1549,23,1173,947,19,1236,683,53,1325,312,
2,23,621,377,44,552,423,30,610,69,63,263,355,49,90,411,
1,45,233,1677,18,1270,520,34,266,1145,10,1133,218,29,578,913,
1,39,2451,331,60,214,1372,8,1112,574,32,907,798,27,808,723,
2,38,67,564,45,544,74,15,404,319,23,445,210,19,444,208,
2,39,629,226,53,501,283,26,210,497,47,449,220,58,356,303,
1,63,932,1924,49,483,1632,39,1040,1314,34,1212,266,25,284,1035,
1,40,1436,646,62,1232,566,57,1143,719,23,1241,203,31,948,640,
2,15,548,296,61,594,96,31,477,173,38,378,364,47,118,470,
2,60,274,696,36,589,147,31,499,109,41,277,374,15,298,95,
2,35,687,620,58,588,15,40,285,402,15,379,281,49,355,308,
2,39,111,814,59,469,471,27,315,419,31,402,340,17,487,161,
2,15,268,662,34,639,240,63,352,542,41,544,316,51,595,79,
1,49,2107,84,18,1157,243,44,951,572,39,1028,328,58,908,457,
1,47,1399,1066,40,1338,902,15,484,1445,60,84,1146,35,458,851,
1,58,444,1561,42,1197,717,15,788,1146,25,936,583,53,809,422,
2,51,502,481,62,414,506,44,500,190,13,183,487,7,134,487,
2,61,793,297,51,313,671,45,357,555,29,207,565,39,381,475,
2,39,791,149,63,576,444,58,544,225,34,454,278,46,33,566,
2,63,401,691,47,755,228,28,104,644,34,23,613,54,80,563,
2,51,671,207,43,381,474,63,181,512,14,480,177,29,520,31,
1,35,1211,1453,61,507,1561,52,293,1186,24,577,766,45,271,835,
1,39,1089,1000,59,906,691,5,292,1052,44,1018,312,16,409,957,
2,28,240,735,58,700,246,33,274,532,53,193,537,11,88,450,
2,47,294,946,19,676,292,27,537,252,36,469,388,14,541,173,
1,46,1032,2111,35,1495,479,52,45